0.03137255 0.94117650 0.96862745 1.00000000
0.07450981 0.85490197 0.92549020 1.00000000
0.07843137 0.84313726 0.92156863 1.00000000
0.08627451 0.83137256 0.91372550 1.00000000
0.09019608 0.82352940 0.90980390 1.00000000
0.09411765 0.81176470 0.90196080 1.00000000
0.10196079 0.80000000 0.89803920 1.00000000
0.10588235 0.78823530 0.89411765 1.00000000
0.11372549 0.78039217 0.88627450 1.00000000
0.11764706 0.76862746 0.88235295 1.00000000
0.12156863 0.75686276 0.87843140 1.00000000
0.12941177 0.74509805 0.87058824 1.00000000
0.13333334 0.73725490 0.86666670 1.00000000
0.13725491 0.72549020 0.85882354 1.00000000
0.14509805 0.71372550 0.85490197 1.00000000
0.14901961 0.70196080 0.85098040 1.00000000
0.15294118 0.69411767 0.84313726 1.00000000
0.16078432 0.68235296 0.83921570 1.00000000
0.16470589 0.67058825 0.83529410 1.00000000
0.17254902 0.65882355 0.82745100 1.00000000
0.17647060 0.65098040 0.82352940 1.00000000
0.18039216 0.63921570 0.81568630 1.00000000
0.18823530 0.62745100 0.81176470 1.00000000
0.19215687 0.61568630 0.80784315 1.00000000
0.19607843 0.60392160 0.80000000 1.00000000
0.20784314 0.58431375 0.78823530 1.00000000
0.21568628 0.57254905 0.78431374 1.00000000
0.21960784 0.56078434 0.78039217 1.00000000
0.22352941 0.55294120 0.77254903 1.00000000
0.23137255 0.54117650 0.76862746 1.00000000
0.23529412 0.52941180 0.76470590 1.00000000
0.23921569 0.51764710 0.75686276 1.00000000
0.24705882 0.50980395 0.75294120 1.00000000
0.25098040 0.49803922 0.74509805 1.00000000
0.25490198 0.48627450 0.74117650 1.00000000
0.26274510 0.47450980 0.73725490 1.00000000
0.26666668 0.46666667 0.72941180 1.00000000
0.27450982 0.45490196 0.72549020 1.00000000
0.27843140 0.44313726 0.72156864 1.00000000
0.28235295 0.43137255 0.71372550 1.00000000
0.29019610 0.42352942 0.70980394 1.00000000
0.29411766 0.41176470 0.70196080 1.00000000
0.29803923 0.40000000 0.69803923 1.00000000
0.30588236 0.38823530 0.69411767 1.00000000
0.30980393 0.38039216 0.68627450 1.00000000
0.31372550 0.36862746 0.68235296 1.00000000
0.32156864 0.35686275 0.67843140 1.00000000
0.32549020 0.34509805 0.67058825 1.00000000
0.33333334 0.33725490 0.66666670 1.00000000
0.33725490 0.32549020 0.65882355 1.00000000
0.34117648 0.31372550 0.65490200 1.00000000
0.34901962 0.30196080 0.65098040 1.00000000
0.35294120 0.29019610 0.64313730 1.00000000
0.35686275 0.28235295 0.63921570 1.00000000
0.36470590 0.27058825 0.63137260 1.00000000
0.36862746 0.25882354 0.62745100 1.00000000
0.37647060 0.24705882 0.62352943 1.00000000
0.38039216 0.23921569 0.61568630 1.00000000
0.38431373 0.22745098 0.61176470 1.00000000
0.39215687 0.21568628 0.60784316 1.00000000
0.39607844 0.20392157 0.60000000 1.00000000
0.40000000 0.19607843 0.59607846 1.00000000
0.40784314 0.18431373 0.58823530 1.00000000
0.41176470 0.17254902 0.58431375 1.00000000
0.41568628 0.16078432 0.58039220 1.00000000
0.42352942 0.15294118 0.57254905 1.00000000
0.42745098 0.14117648 0.56862750 1.00000000
0.43529412 0.12941177 0.56470590 1.00000000
0.43921570 0.11764706 0.55686280 1.00000000
0.44313726 0.10980392 0.55294120 1.00000000
0.45098040 0.09803922 0.54509807 1.00000000
0.45490196 0.08627451 0.54117650 1.00000000
0.45882353 0.07450981 0.53725490 1.00000000
0.46666667 0.06666667 0.52941180 1.00000000
0.47058824 0.05490196 0.52549020 1.00000000
0.47843137 0.04313726 0.52156866 1.00000000
0.48235294 0.03137255 0.51372550 1.00000000
0.48627450 0.02352941 0.50980395 1.00000000
0.49411765 0.01176471 0.50196080 1.00000000
0.49803922 0.00000000 0.49803922 1.00000000
0.50196080 0.00784314 0.50196080 1.00000000
0.50196080 0.01176471 0.50196080 1.00000000
0.50588240 0.01960784 0.50588240 1.00000000
0.50980395 0.02352941 0.50980395 1.00000000
0.50980395 0.03137255 0.50980395 1.00000000
0.51372550 0.03529412 0.51372550 1.00000000
0.51764710 0.04313726 0.51764710 1.00000000
0.52156866 0.04705882 0.52156866 1.00000000
0.52156866 0.05490196 0.52156866 1.00000000
0.52549020 0.05882353 0.52549020 1.00000000
0.52941180 0.06666667 0.52941180 1.00000000
0.52941180 0.07450981 0.52941180 1.00000000
0.53333336 0.07843137 0.53333336 1.00000000
0.53725490 0.08627451 0.53725490 1.00000000
0.53725490 0.09019608 0.53725490 1.00000000
0.54117650 0.09803922 0.54117650 1.00000000
0.54509807 0.10196079 0.54509807 1.00000000
0.54509807 0.10980392 0.54509807 1.00000000
0.54901963 0.11372549 0.54901963 1.00000000
0.55294120 0.12156863 0.55294120 1.00000000
0.55686280 0.12549020 0.55686280 1.00000000
0.55686280 0.13333334 0.55686280 1.00000000
0.56078434 0.14117648 0.56078434 1.00000000
0.56470590 0.14509805 0.56470590 1.00000000
0.56470590 0.15294118 0.56470590 1.00000000
0.56862750 0.15686275 0.56862750 1.00000000
0.57254905 0.16470589 0.57254905 1.00000000
0.57254905 0.16862746 0.57254905 1.00000000
0.57647060 0.17647060 0.57647060 1.00000000
0.58039220 0.18039216 0.58039220 1.00000000
0.58039220 0.18823530 0.58039220 1.00000000
0.58431375 0.19215687 0.58431375 1.00000000
0.58823530 0.20000000 0.58823530 1.00000000
0.59215690 0.20392157 0.59215690 1.00000000
0.59215690 0.21176471 0.59215690 1.00000000
0.59607846 0.21960784 0.59607846 1.00000000
0.60000000 0.22352941 0.60000000 1.00000000
0.60000000 0.23137255 0.60000000 1.00000000
0.60392160 0.23529412 0.60392160 1.00000000
0.60784316 0.24313726 0.60784316 1.00000000
0.60784316 0.24705882 0.60784316 1.00000000
0.61176470 0.25490198 0.61176470 1.00000000
0.61568630 0.25882354 0.61568630 1.00000000
0.61568630 0.26666668 0.61568630 1.00000000
0.61960787 0.27058825 0.61960787 1.00000000
0.62352943 0.27843140 0.62352943 1.00000000
0.62352943 0.28627452 0.62352943 1.00000000
0.62745100 0.29019610 0.62745100 1.00000000
0.63137260 0.29803923 0.63137260 1.00000000
0.63529414 0.30196080 0.63529414 1.00000000
0.63529414 0.30980393 0.63529414 1.00000000
0.63921570 0.31372550 0.63921570 1.00000000
0.64313730 0.32156864 0.64313730 1.00000000
0.64313730 0.32549020 0.64313730 1.00000000
0.64705884 0.33333334 0.64705884 1.00000000
0.65098040 0.33725490 0.65098040 1.00000000
0.65098040 0.34509805 0.65098040 1.00000000
0.65490200 0.35294120 0.65490200 1.00000000
0.65882355 0.35686275 0.65882355 1.00000000
0.65882355 0.36470590 0.65882355 1.00000000
0.66274510 0.36862746 0.66274510 1.00000000
0.66666670 0.37647060 0.66666670 1.00000000
0.67058825 0.38039216 0.67058825 1.00000000
0.67058825 0.38823530 0.67058825 1.00000000
0.67450980 0.39215687 0.67450980 1.00000000
0.67843140 0.40000000 0.67843140 1.00000000
0.67843140 0.40392157 0.67843140 1.00000000
0.68235296 0.41176470 0.68235296 1.00000000
0.68627450 0.41960785 0.68627450 1.00000000
0.68627450 0.42352942 0.68627450 1.00000000
0.69019610 0.43137255 0.69019610 1.00000000
0.69411767 0.43529412 0.69411767 1.00000000
0.69411767 0.44313726 0.69411767 1.00000000
0.69803923 0.44705883 0.69803923 1.00000000
0.70196080 0.45490196 0.70196080 1.00000000
0.70588240 0.45882353 0.70588240 1.00000000
0.70588240 0.46666667 0.70588240 1.00000000
0.70980394 0.47058824 0.70980394 1.00000000
0.71372550 0.47843137 0.71372550 1.00000000
0.71372550 0.48235294 0.71372550 1.00000000
0.71764710 0.49019608 0.71764710 1.00000000
0.72156864 0.49803922 0.72156864 1.00000000
0.72156864 0.50196080 0.72156864 1.00000000
0.72549020 0.50980395 0.72549020 1.00000000
0.72941180 0.51372550 0.72941180 1.00000000
0.72941180 0.52156866 0.72941180 1.00000000
0.73333335 0.52549020 0.73333335 1.00000000
0.73725490 0.53333336 0.73725490 1.00000000
0.74117650 0.53725490 0.74117650 1.00000000
0.74117650 0.54509807 0.74117650 1.00000000
0.74509805 0.54901963 0.74509805 1.00000000
0.74901960 0.55686280 0.74901960 1.00000000
0.74901960 0.56470590 0.74901960 1.00000000
0.75294120 0.56862750 0.75294120 1.00000000
0.75686276 0.57647060 0.75686276 1.00000000
0.75686276 0.58039220 0.75686276 1.00000000
0.76078430 0.58823530 0.76078430 1.00000000
0.76470590 0.59215690 0.76470590 1.00000000
0.76470590 0.60000000 0.76470590 1.00000000
0.76862746 0.60392160 0.76862746 1.00000000
0.77254903 0.61176470 0.77254903 1.00000000
0.77647060 0.61568630 0.77647060 1.00000000
0.77647060 0.62352943 0.77647060 1.00000000
0.78039217 0.63137260 0.78039217 1.00000000
0.78431374 0.63529414 0.78431374 1.00000000
0.78431374 0.64313730 0.78431374 1.00000000
0.78823530 0.64705884 0.78823530 1.00000000
0.79215690 0.65490200 0.79215690 1.00000000
0.79215690 0.65882355 0.79215690 1.00000000
0.79607844 0.66666670 0.79607844 1.00000000
0.80000000 0.67058825 0.80000000 1.00000000
0.80000000 0.67843140 0.80000000 1.00000000
0.80392160 0.68235296 0.80392160 1.00000000
0.80784315 0.69019610 0.80784315 1.00000000
0.80784315 0.69803923 0.80784315 1.00000000
0.81176470 0.70196080 0.81176470 1.00000000
0.81568630 0.70980394 0.81568630 1.00000000
0.81960785 0.71372550 0.81960785 1.00000000
0.81960785 0.72156864 0.81960785 1.00000000
0.82352940 0.72549020 0.82352940 1.00000000
0.82745100 0.73333335 0.82745100 1.00000000
0.82745100 0.73725490 0.82745100 1.00000000
0.83137256 0.74509805 0.83137256 1.00000000
0.83529410 0.74901960 0.83529410 1.00000000
0.83529410 0.75686276 0.83529410 1.00000000
0.83921570 0.76078430 0.83921570 1.00000000
0.84313726 0.76862746 0.84313726 1.00000000
0.84313726 0.77647060 0.84313726 1.00000000
0.84705883 0.78039217 0.84705883 1.00000000
0.85098040 0.78823530 0.85098040 1.00000000
0.85490197 0.79215690 0.85490197 1.00000000
0.85490197 0.80000000 0.85490197 1.00000000
0.85882354 0.80392160 0.85882354 1.00000000
0.86274510 0.81176470 0.86274510 1.00000000
0.86274510 0.81568630 0.86274510 1.00000000
0.86666670 0.82352940 0.86666670 1.00000000
0.87058824 0.82745100 0.87058824 1.00000000
0.87058824 0.83529410 0.87058824 1.00000000
0.87450980 0.84313726 0.87450980 1.00000000
0.87843140 0.84705883 0.87843140 1.00000000
0.87843140 0.85490197 0.87843140 1.00000000
0.88235295 0.85882354 0.88235295 1.00000000
0.88627450 0.86666670 0.88627450 1.00000000
0.89019610 0.87058824 0.89019610 1.00000000
0.89019610 0.87843140 0.89019610 1.00000000
0.89411765 0.88235295 0.89411765 1.00000000
0.89803920 0.89019610 0.89803920 1.00000000
0.89803920 0.89411765 0.89803920 1.00000000
0.90196080 0.90196080 0.90196080 1.00000000
0.89411765 0.89411765 0.89411765 1.00000000
0.88627450 0.88627450 0.88627450 1.00000000
0.87843140 0.87843140 0.87843140 1.00000000
0.87450980 0.87450980 0.87450980 1.00000000
0.86666670 0.86666670 0.86666670 1.00000000
0.85882354 0.85882354 0.85882354 1.00000000
0.85098040 0.85098040 0.85098040 1.00000000
0.84313726 0.84313726 0.84313726 1.00000000
0.83529410 0.83529410 0.83529410 1.00000000
0.82745100 0.82745100 0.82745100 1.00000000
0.82352940 0.82352940 0.82352940 1.00000000
0.81568630 0.81568630 0.81568630 1.00000000
0.80784315 0.80784315 0.80784315 1.00000000
0.80000000 0.80000000 0.80000000 1.00000000
0.79215690 0.79215690 0.79215690 1.00000000
0.78431374 0.78431374 0.78431374 1.00000000
0.77647060 0.77647060 0.77647060 1.00000000
0.77254903 0.77254903 0.77254903 1.00000000
0.76470590 0.76470590 0.76470590 1.00000000
0.75686276 0.75686276 0.75686276 1.00000000
0.74901960 0.74901960 0.74901960 1.00000000
0.74117650 0.74117650 0.74117650 1.00000000
0.73333335 0.73333335 0.73333335 1.00000000
0.72549020 0.72549020 0.72549020 1.00000000
0.72156864 0.72156864 0.72156864 1.00000000
0.71372550 0.71372550 0.71372550 1.00000000
0.70588240 0.70588240 0.70588240 1.00000000
0.69803923 0.69803923 0.69803923 1.00000000
0.69019610 0.69019610 0.69019610 1.00000000
0.68235296 0.68235296 0.68235296 1.00000000
0.67843140 0.67843140 0.67843140 1.00000000
0.67058825 0.67058825 0.67058825 1.00000000
0.66274510 0.66274510 0.66274510 1.00000000
0.65490200 0.65490200 0.65490200 1.00000000
0.64705884 0.64705884 0.64705884 1.00000000
0.63921570 0.63921570 0.63921570 1.00000000
0.63137260 0.63137260 0.63137260 1.00000000
0.62745100 0.62745100 0.62745100 1.00000000
0.61960787 0.61960787 0.61960787 1.00000000
0.61176470 0.61176470 0.61176470 1.00000000
0.60392160 0.60392160 0.60392160 1.00000000
0.59607846 0.59607846 0.59607846 1.00000000
0.58823530 0.58823530 0.58823530 1.00000000
0.58039220 0.58039220 0.58039220 1.00000000
0.57647060 0.57647060 0.57647060 1.00000000
0.56862750 0.56862750 0.56862750 1.00000000
0.56078434 0.56078434 0.56078434 1.00000000
0.55294120 0.55294120 0.55294120 1.00000000
0.54509807 0.54509807 0.54509807 1.00000000
0.53725490 0.53725490 0.53725490 1.00000000
0.52941180 0.52941180 0.52941180 1.00000000
0.52549020 0.52549020 0.52549020 1.00000000
0.51764710 0.51764710 0.51764710 1.00000000
0.50980395 0.50980395 0.50980395 1.00000000
0.50196080 0.50196080 0.50196080 1.00000000
0.49411765 0.49411765 0.49411765 1.00000000
0.48627450 0.48627450 0.48627450 1.00000000
0.47843137 0.47843137 0.47843137 1.00000000
0.47450980 0.47450980 0.47450980 1.00000000
0.46666667 0.46666667 0.46666667 1.00000000
0.45882353 0.45882353 0.45882353 1.00000000
0.45098040 0.45098040 0.45098040 1.00000000
0.44313726 0.44313726 0.44313726 1.00000000
0.43529412 0.43529412 0.43529412 1.00000000
0.42745098 0.42745098 0.42745098 1.00000000
0.42352942 0.42352942 0.42352942 1.00000000
0.41568628 0.41568628 0.41568628 1.00000000
0.40784314 0.40784314 0.40784314 1.00000000
0.40000000 0.40000000 0.40000000 1.00000000
0.39215687 0.39215687 0.39215687 1.00000000
0.38431373 0.38431373 0.38431373 1.00000000
0.37647060 0.37647060 0.37647060 1.00000000
0.37254903 0.37254903 0.37254903 1.00000000
0.36470590 0.36470590 0.36470590 1.00000000
0.35686275 0.35686275 0.35686275 1.00000000
0.34901962 0.34901962 0.34901962 1.00000000
0.34117648 0.34117648 0.34117648 1.00000000
0.33333334 0.33333334 0.33333334 1.00000000
0.32549020 0.32549020 0.32549020 1.00000000
0.32156864 0.32156864 0.32156864 1.00000000
0.31372550 0.31372550 0.31372550 1.00000000
0.30588236 0.30588236 0.30588236 1.00000000
0.29803923 0.29803923 0.29803923 1.00000000
0.29019610 0.29019610 0.29019610 1.00000000
0.28235295 0.28235295 0.28235295 1.00000000
0.27450982 0.27450982 0.27450982 1.00000000
0.27058825 0.27058825 0.27058825 1.00000000
0.26274510 0.26274510 0.26274510 1.00000000
0.25490198 0.25490198 0.25490198 1.00000000
0.24705882 0.24705882 0.24705882 1.00000000
0.23921569 0.23921569 0.23921569 1.00000000
0.23137255 0.23137255 0.23137255 1.00000000
0.22745098 0.22745098 0.22745098 1.00000000
0.21960784 0.21960784 0.21960784 1.00000000
0.21176471 0.21176471 0.21176471 1.00000000
0.20392157 0.20392157 0.20392157 1.00000000
0.19607843 0.19607843 0.19607843 1.00000000
0.18823530 0.18823530 0.18823530 1.00000000
0.18039216 0.18039216 0.18039216 1.00000000
0.17647060 0.17647060 0.17647060 1.00000000
0.16862746 0.16862746 0.16862746 1.00000000
0.16078432 0.16078432 0.16078432 1.00000000
0.15294118 0.15294118 0.15294118 1.00000000
0.14509805 0.14509805 0.14509805 1.00000000
0.13725491 0.13725491 0.13725491 1.00000000
0.12941177 0.12941177 0.12941177 1.00000000
0.12549020 0.12549020 0.12549020 1.00000000
0.11764706 0.11764706 0.11764706 1.00000000
0.10980392 0.10980392 0.10980392 1.00000000
0.10196079 0.10196079 0.10196079 1.00000000
0.09411765 0.09411765 0.09411765 1.00000000
0.08627451 0.08627451 0.08627451 1.00000000
0.07843137 0.07843137 0.07843137 1.00000000
0.07450981 0.07450981 0.07450981 1.00000000
0.06666667 0.06666667 0.06666667 1.00000000
0.05882353 0.05882353 0.05882353 1.00000000
0.05098039 0.05098039 0.05098039 1.00000000
0.04313726 0.04313726 0.04313726 1.00000000
0.03529412 0.03529412 0.03529412 1.00000000
0.02745098 0.02745098 0.02745098 1.00000000
0.02352941 0.02352941 0.02352941 1.00000000
0.01568627 0.01568627 0.01568627 1.00000000
0.00784314 0.00784314 0.00784314 1.00000000
0.00000000 0.00000000 0.00000000 1.00000000
0.00784314 0.00000000 0.00000000 1.00000000
0.01568627 0.00000000 0.00000000 1.00000000
0.02352941 0.00000000 0.00000000 1.00000000
0.03137255 0.00000000 0.00000000 1.00000000
0.03921569 0.00000000 0.00000000 1.00000000
0.04705882 0.00000000 0.00000000 1.00000000
0.05490196 0.00000000 0.00000000 1.00000000
0.06274510 0.00000000 0.00000000 1.00000000
0.07058824 0.00000000 0.00000000 1.00000000
0.07843137 0.00000000 0.00000000 1.00000000
0.08627451 0.00000000 0.00000000 1.00000000
0.09411765 0.00000000 0.00000000 1.00000000
0.10588235 0.00000000 0.00000000 1.00000000
0.11372549 0.00000000 0.00000000 1.00000000
0.12156863 0.00000000 0.00000000 1.00000000
0.12941177 0.00000000 0.00000000 1.00000000
0.13725491 0.00000000 0.00000000 1.00000000
0.14509805 0.00000000 0.00000000 1.00000000
0.15294118 0.00000000 0.00000000 1.00000000
0.16078432 0.00000000 0.00000000 1.00000000
0.16862746 0.00000000 0.00000000 1.00000000
0.17647060 0.00000000 0.00000000 1.00000000
0.18431373 0.00000000 0.00000000 1.00000000
0.19215687 0.00000000 0.00000000 1.00000000
0.20000000 0.00000000 0.00000000 1.00000000
0.20784314 0.00000000 0.00000000 1.00000000
0.21568628 0.00000000 0.00000000 1.00000000
0.22352941 0.00000000 0.00000000 1.00000000
0.23137255 0.00000000 0.00000000 1.00000000
0.23921569 0.00000000 0.00000000 1.00000000
0.24705882 0.00000000 0.00000000 1.00000000
0.25490198 0.00000000 0.00000000 1.00000000
0.26274510 0.00000000 0.00000000 1.00000000
0.27058825 0.00000000 0.00000000 1.00000000
0.27843140 0.00000000 0.00000000 1.00000000
0.28627452 0.00000000 0.00000000 1.00000000
0.29411766 0.00000000 0.00000000 1.00000000
0.30588236 0.00000000 0.00000000 1.00000000
0.31372550 0.00000000 0.00000000 1.00000000
0.32156864 0.00000000 0.00000000 1.00000000
0.32941177 0.00000000 0.00000000 1.00000000
0.33725490 0.00000000 0.00000000 1.00000000
0.34509805 0.00000000 0.00000000 1.00000000
0.36078432 0.00000000 0.00000000 1.00000000
0.36862746 0.00000000 0.00000000 1.00000000
0.37647060 0.00000000 0.00000000 1.00000000
0.38431373 0.00000000 0.00000000 1.00000000
0.39215687 0.00000000 0.00000000 1.00000000
0.40000000 0.00000000 0.00000000 1.00000000
0.40784314 0.00000000 0.00000000 1.00000000
0.41568628 0.00000000 0.00000000 1.00000000
0.42352942 0.00000000 0.00000000 1.00000000
0.43137255 0.00000000 0.00000000 1.00000000
0.43921570 0.00000000 0.00000000 1.00000000
0.44705883 0.00000000 0.00000000 1.00000000
0.45490196 0.00000000 0.00000000 1.00000000
0.46274510 0.00000000 0.00000000 1.00000000
0.47058824 0.00000000 0.00000000 1.00000000
0.47843137 0.00000000 0.00000000 1.00000000
0.48627450 0.00000000 0.00000000 1.00000000
0.49411765 0.00000000 0.00000000 1.00000000
0.50588240 0.00000000 0.00000000 1.00000000
0.51372550 0.00000000 0.00000000 1.00000000
0.52156866 0.00000000 0.00000000 1.00000000
0.52941180 0.00000000 0.00000000 1.00000000
0.53725490 0.00000000 0.00000000 1.00000000
0.54509807 0.00000000 0.00000000 1.00000000
0.55294120 0.00000000 0.00000000 1.00000000
0.56078434 0.00000000 0.00000000 1.00000000
0.56862750 0.00000000 0.00000000 1.00000000
0.57647060 0.00000000 0.00000000 1.00000000
0.58431375 0.00000000 0.00000000 1.00000000
0.59215690 0.00000000 0.00000000 1.00000000
0.60000000 0.00000000 0.00000000 1.00000000
0.60784316 0.00000000 0.00000000 1.00000000
0.61568630 0.00000000 0.00000000 1.00000000
0.62352943 0.00000000 0.00000000 1.00000000
0.63137260 0.00000000 0.00000000 1.00000000
0.63921570 0.00000000 0.00000000 1.00000000
0.64705884 0.00000000 0.00000000 1.00000000
0.65490200 0.00000000 0.00000000 1.00000000
0.66274510 0.00000000 0.00000000 1.00000000
0.67058825 0.00000000 0.00000000 1.00000000
0.67843140 0.00000000 0.00000000 1.00000000
0.68627450 0.00000000 0.00000000 1.00000000
0.69411767 0.00000000 0.00000000 1.00000000
0.70588240 0.00000000 0.00000000 1.00000000
0.71372550 0.00000000 0.00000000 1.00000000
0.72156864 0.00000000 0.00000000 1.00000000
0.72941180 0.00000000 0.00000000 1.00000000
0.73725490 0.00000000 0.00000000 1.00000000
0.74509805 0.00000000 0.00000000 1.00000000
0.75294120 0.00000000 0.00000000 1.00000000
0.76078430 0.00000000 0.00000000 1.00000000
0.76862746 0.00000000 0.00000000 1.00000000
0.77647060 0.00000000 0.00000000 1.00000000
0.78431374 0.00000000 0.00000000 1.00000000
0.79215690 0.00000000 0.00000000 1.00000000
0.80000000 0.00000000 0.00000000 1.00000000
0.80784315 0.00000000 0.00000000 1.00000000
0.81568630 0.00000000 0.00000000 1.00000000
0.82352940 0.00000000 0.00000000 1.00000000
0.83137256 0.00000000 0.00000000 1.00000000
0.83921570 0.00000000 0.00000000 1.00000000
0.84705883 0.00000000 0.00000000 1.00000000
0.85490197 0.00000000 0.00000000 1.00000000
0.86274510 0.00000000 0.00000000 1.00000000
0.87058824 0.00000000 0.00000000 1.00000000
0.87843140 0.00000000 0.00000000 1.00000000
0.88627450 0.00000000 0.00000000 1.00000000
0.89411765 0.00000000 0.00000000 1.00000000
0.90588236 0.00000000 0.00000000 1.00000000
0.91372550 0.00000000 0.00000000 1.00000000
0.92156863 0.00000000 0.00000000 1.00000000
0.92941177 0.00000000 0.00000000 1.00000000
0.93725490 0.00000000 0.00000000 1.00000000
0.94509804 0.00000000 0.00000000 1.00000000
0.95294120 0.00000000 0.00000000 1.00000000
0.96078430 0.00000000 0.00000000 1.00000000
0.96862745 0.00000000 0.00000000 1.00000000
0.97647060 0.00000000 0.00000000 1.00000000
0.98431370 0.00000000 0.00000000 1.00000000
0.99215686 0.00000000 0.00000000 1.00000000
1.00000000 0.00000000 0.00000000 1.00000000
1.00000000 0.00784314 0.00000000 1.00000000
1.00000000 0.01568627 0.00000000 1.00000000
1.00000000 0.02352941 0.00000000 1.00000000
1.00000000 0.02745098 0.00000000 1.00000000
1.00000000 0.03529412 0.00000000 1.00000000
1.00000000 0.04313726 0.00000000 1.00000000
1.00000000 0.05098039 0.00000000 1.00000000
1.00000000 0.05882353 0.00000000 1.00000000
1.00000000 0.06666667 0.00000000 1.00000000
1.00000000 0.07058824 0.00000000 1.00000000
1.00000000 0.07843137 0.00000000 1.00000000
1.00000000 0.08627451 0.00000000 1.00000000
1.00000000 0.09411765 0.00000000 1.00000000
1.00000000 0.10196079 0.00000000 1.00000000
1.00000000 0.10980392 0.00000000 1.00000000
1.00000000 0.11764706 0.00000000 1.00000000
1.00000000 0.12156863 0.00000000 1.00000000
1.00000000 0.12941177 0.00000000 1.00000000
1.00000000 0.13725491 0.00000000 1.00000000
1.00000000 0.14509805 0.00000000 1.00000000
1.00000000 0.15294118 0.00000000 1.00000000
1.00000000 0.16078432 0.00000000 1.00000000
1.00000000 0.16862746 0.00000000 1.00000000
1.00000000 0.17254902 0.00000000 1.00000000
1.00000000 0.18039216 0.00000000 1.00000000
1.00000000 0.18823530 0.00000000 1.00000000
1.00000000 0.19607843 0.00000000 1.00000000
1.00000000 0.20392157 0.00000000 1.00000000
1.00000000 0.21176471 0.00000000 1.00000000
1.00000000 0.21568628 0.00000000 1.00000000
1.00000000 0.22352941 0.00000000 1.00000000
1.00000000 0.23137255 0.00000000 1.00000000
1.00000000 0.23921569 0.00000000 1.00000000
1.00000000 0.24705882 0.00000000 1.00000000
1.00000000 0.25490198 0.00000000 1.00000000
1.00000000 0.26274510 0.00000000 1.00000000
1.00000000 0.26666668 0.00000000 1.00000000
1.00000000 0.27450982 0.00000000 1.00000000
1.00000000 0.28235295 0.00000000 1.00000000
1.00000000 0.29019610 0.00000000 1.00000000
1.00000000 0.29803923 0.00000000 1.00000000
1.00000000 0.30588236 0.00000000 1.00000000
1.00000000 0.30980393 0.00000000 1.00000000
1.00000000 0.31764707 0.00000000 1.00000000
1.00000000 0.32549020 0.00000000 1.00000000
1.00000000 0.33333334 0.00000000 1.00000000
1.00000000 0.34117648 0.00000000 1.00000000
1.00000000 0.34901962 0.00000000 1.00000000
1.00000000 0.35686275 0.00000000 1.00000000
1.00000000 0.36078432 0.00000000 1.00000000
1.00000000 0.36862746 0.00000000 1.00000000
1.00000000 0.37647060 0.00000000 1.00000000
1.00000000 0.38431373 0.00000000 1.00000000
1.00000000 0.39215687 0.00000000 1.00000000
1.00000000 0.40000000 0.00000000 1.00000000
1.00000000 0.40392157 0.00000000 1.00000000
1.00000000 0.41176470 0.00000000 1.00000000
1.00000000 0.41960785 0.00000000 1.00000000
1.00000000 0.42745098 0.00000000 1.00000000
1.00000000 0.43529412 0.00000000 1.00000000
1.00000000 0.44313726 0.00000000 1.00000000
1.00000000 0.45098040 0.00000000 1.00000000
1.00000000 0.45490196 0.00000000 1.00000000
1.00000000 0.46274510 0.00000000 1.00000000
1.00000000 0.47058824 0.00000000 1.00000000
1.00000000 0.47843137 0.00000000 1.00000000
1.00000000 0.48627450 0.00000000 1.00000000
1.00000000 0.49411765 0.00000000 1.00000000
1.00000000 0.50196080 0.00000000 1.00000000
1.00000000 0.50588240 0.00000000 1.00000000
1.00000000 0.51372550 0.00000000 1.00000000
1.00000000 0.52156866 0.00000000 1.00000000
1.00000000 0.52941180 0.00000000 1.00000000
1.00000000 0.53725490 0.00000000 1.00000000
1.00000000 0.54509807 0.00000000 1.00000000
1.00000000 0.54901963 0.00000000 1.00000000
1.00000000 0.55686280 0.00000000 1.00000000
1.00000000 0.56470590 0.00000000 1.00000000
1.00000000 0.57254905 0.00000000 1.00000000
1.00000000 0.58039220 0.00000000 1.00000000
1.00000000 0.58823530 0.00000000 1.00000000
1.00000000 0.59607846 0.00000000 1.00000000
1.00000000 0.60000000 0.00000000 1.00000000
1.00000000 0.60784316 0.00000000 1.00000000
1.00000000 0.61568630 0.00000000 1.00000000
1.00000000 0.62352943 0.00000000 1.00000000
1.00000000 0.63137260 0.00000000 1.00000000
1.00000000 0.63921570 0.00000000 1.00000000
1.00000000 0.64313730 0.00000000 1.00000000
1.00000000 0.65098040 0.00000000 1.00000000
1.00000000 0.65882355 0.00000000 1.00000000
1.00000000 0.66666670 0.00000000 1.00000000
1.00000000 0.67450980 0.00000000 1.00000000
1.00000000 0.68235296 0.00000000 1.00000000
1.00000000 0.69019610 0.00000000 1.00000000
1.00000000 0.69411767 0.00000000 1.00000000
1.00000000 0.70196080 0.00000000 1.00000000
1.00000000 0.70980394 0.00000000 1.00000000
1.00000000 0.71764710 0.00000000 1.00000000
1.00000000 0.72549020 0.00000000 1.00000000
1.00000000 0.73333335 0.00000000 1.00000000
1.00000000 0.73725490 0.00000000 1.00000000
1.00000000 0.74509805 0.00000000 1.00000000
1.00000000 0.75294120 0.00000000 1.00000000
1.00000000 0.76078430 0.00000000 1.00000000
1.00000000 0.76862746 0.00000000 1.00000000
1.00000000 0.77647060 0.00000000 1.00000000
1.00000000 0.78431374 0.00000000 1.00000000
1.00000000 0.78823530 0.00000000 1.00000000
1.00000000 0.79607844 0.00000000 1.00000000
1.00000000 0.80392160 0.00000000 1.00000000
1.00000000 0.81176470 0.00000000 1.00000000
1.00000000 0.81960785 0.00000000 1.00000000
1.00000000 0.82745100 0.00000000 1.00000000
1.00000000 0.83529410 0.00000000 1.00000000
1.00000000 0.83921570 0.00000000 1.00000000
1.00000000 0.84705883 0.00000000 1.00000000
1.00000000 0.85490197 0.00000000 1.00000000
1.00000000 0.86274510 0.00000000 1.00000000
1.00000000 0.87058824 0.00000000 1.00000000
1.00000000 0.87843140 0.00000000 1.00000000
1.00000000 0.88235295 0.00000000 1.00000000
1.00000000 0.89019610 0.00000000 1.00000000
1.00000000 0.89803920 0.00000000 1.00000000
1.00000000 0.90588236 0.00000000 1.00000000
1.00000000 0.91372550 0.00000000 1.00000000
1.00000000 0.92156863 0.00000000 1.00000000
1.00000000 0.92941177 0.00000000 1.00000000
1.00000000 0.93333334 0.00000000 1.00000000
1.00000000 0.94117650 0.00000000 1.00000000
1.00000000 0.94901960 0.00000000 1.00000000
1.00000000 0.95686275 0.00000000 1.00000000
1.00000000 0.96470590 0.00000000 1.00000000
1.00000000 0.97254900 0.00000000 1.00000000
1.00000000 0.97647060 0.00000000 1.00000000
1.00000000 0.98431370 0.00000000 1.00000000
1.00000000 0.99215686 0.00000000 1.00000000
1.00000000 1.00000000 0.00000000 1.00000000
0.98823530 1.00000000 0.00000000 1.00000000
0.98039216 1.00000000 0.00000000 1.00000000
0.96862745 1.00000000 0.00000000 1.00000000
0.96078430 1.00000000 0.00000000 1.00000000
0.94901960 1.00000000 0.00000000 1.00000000
0.94117650 1.00000000 0.00000000 1.00000000
0.92941177 1.00000000 0.00000000 1.00000000
0.91764706 1.00000000 0.00000000 1.00000000
0.90980390 1.00000000 0.00000000 1.00000000
0.89803920 1.00000000 0.00000000 1.00000000
0.89019610 1.00000000 0.00000000 1.00000000
0.87843140 1.00000000 0.00000000 1.00000000
0.87058824 1.00000000 0.00000000 1.00000000
0.85882354 1.00000000 0.00000000 1.00000000
0.84705883 1.00000000 0.00000000 1.00000000
0.83921570 1.00000000 0.00000000 1.00000000
0.82745100 1.00000000 0.00000000 1.00000000
0.81960785 1.00000000 0.00000000 1.00000000
0.80784315 1.00000000 0.00000000 1.00000000
0.79607844 1.00000000 0.00000000 1.00000000
0.78823530 1.00000000 0.00000000 1.00000000
0.77647060 1.00000000 0.00000000 1.00000000
0.76862746 1.00000000 0.00000000 1.00000000
0.75686276 1.00000000 0.00000000 1.00000000
0.74901960 1.00000000 0.00000000 1.00000000
0.73725490 1.00000000 0.00000000 1.00000000
0.72549020 1.00000000 0.00000000 1.00000000
0.71764710 1.00000000 0.00000000 1.00000000
0.70588240 1.00000000 0.00000000 1.00000000
0.69803923 1.00000000 0.00000000 1.00000000
0.68627450 1.00000000 0.00000000 1.00000000
0.67843140 1.00000000 0.00000000 1.00000000
0.66666670 1.00000000 0.00000000 1.00000000
0.65490200 1.00000000 0.00000000 1.00000000
0.64705884 1.00000000 0.00000000 1.00000000
0.63529414 1.00000000 0.00000000 1.00000000
0.62745100 1.00000000 0.00000000 1.00000000
0.61568630 1.00000000 0.00000000 1.00000000
0.60784316 1.00000000 0.00000000 1.00000000
0.59607846 1.00000000 0.00000000 1.00000000
0.58431375 1.00000000 0.00000000 1.00000000
0.57647060 1.00000000 0.00000000 1.00000000
0.56470590 1.00000000 0.00000000 1.00000000
0.55686280 1.00000000 0.00000000 1.00000000
0.54509807 1.00000000 0.00000000 1.00000000
0.53725490 1.00000000 0.00000000 1.00000000
0.52549020 1.00000000 0.00000000 1.00000000
0.51372550 1.00000000 0.00000000 1.00000000
0.50588240 1.00000000 0.00000000 1.00000000
0.49411765 1.00000000 0.00000000 1.00000000
0.48627450 1.00000000 0.00000000 1.00000000
0.47450980 1.00000000 0.00000000 1.00000000
0.46274510 1.00000000 0.00000000 1.00000000
0.45490196 1.00000000 0.00000000 1.00000000
0.44313726 1.00000000 0.00000000 1.00000000
0.43529412 1.00000000 0.00000000 1.00000000
0.42352942 1.00000000 0.00000000 1.00000000
0.41568628 1.00000000 0.00000000 1.00000000
0.40392157 1.00000000 0.00000000 1.00000000
0.39215687 1.00000000 0.00000000 1.00000000
0.38431373 1.00000000 0.00000000 1.00000000
0.37254903 1.00000000 0.00000000 1.00000000
0.36470590 1.00000000 0.00000000 1.00000000
0.35294120 1.00000000 0.00000000 1.00000000
0.34509805 1.00000000 0.00000000 1.00000000
0.33333334 1.00000000 0.00000000 1.00000000
0.32156864 1.00000000 0.00000000 1.00000000
0.31372550 1.00000000 0.00000000 1.00000000
0.30196080 1.00000000 0.00000000 1.00000000
0.29411766 1.00000000 0.00000000 1.00000000
0.28235295 1.00000000 0.00000000 1.00000000
0.27450982 1.00000000 0.00000000 1.00000000
0.26274510 1.00000000 0.00000000 1.00000000
0.25098040 1.00000000 0.00000000 1.00000000
0.24313726 1.00000000 0.00000000 1.00000000
0.23137255 1.00000000 0.00000000 1.00000000
0.22352941 1.00000000 0.00000000 1.00000000
0.21176471 1.00000000 0.00000000 1.00000000
0.20392157 1.00000000 0.00000000 1.00000000
0.19215687 1.00000000 0.00000000 1.00000000
0.18039216 1.00000000 0.00000000 1.00000000
0.17254902 1.00000000 0.00000000 1.00000000
0.16078432 1.00000000 0.00000000 1.00000000
0.15294118 1.00000000 0.00000000 1.00000000
0.14117648 1.00000000 0.00000000 1.00000000
0.12941177 1.00000000 0.00000000 1.00000000
0.12156863 1.00000000 0.00000000 1.00000000
0.10980392 1.00000000 0.00000000 1.00000000
0.10196079 1.00000000 0.00000000 1.00000000
0.09019608 1.00000000 0.00000000 1.00000000
0.08235294 1.00000000 0.00000000 1.00000000
0.07058824 1.00000000 0.00000000 1.00000000
0.05882353 1.00000000 0.00000000 1.00000000
0.05098039 1.00000000 0.00000000 1.00000000
0.03921569 1.00000000 0.00000000 1.00000000
0.03137255 1.00000000 0.00000000 1.00000000
0.01960784 1.00000000 0.00000000 1.00000000
0.01176471 1.00000000 0.00000000 1.00000000
0.00000000 1.00000000 0.00000000 1.00000000
0.00000000 0.99607843 0.00392157 1.00000000
0.00000000 0.98823530 0.00392157 1.00000000
0.00000000 0.98431370 0.00784314 1.00000000
0.00000000 0.98039216 0.00784314 1.00000000
0.00000000 0.97647060 0.01176471 1.00000000
0.00000000 0.96862745 0.01176471 1.00000000
0.00000000 0.96470590 0.01568627 1.00000000
0.00000000 0.96078430 0.01960784 1.00000000
0.00000000 0.95686275 0.01960784 1.00000000
0.00000000 0.94901960 0.02352941 1.00000000
0.00000000 0.94509804 0.02352941 1.00000000
0.00000000 0.94117650 0.02745098 1.00000000
0.00000000 0.93333334 0.02745098 1.00000000
0.00000000 0.92941177 0.03137255 1.00000000
0.00000000 0.92549020 0.03529412 1.00000000
0.00000000 0.92156863 0.03529412 1.00000000
0.00000000 0.91372550 0.03921569 1.00000000
0.00000000 0.90980390 0.03921569 1.00000000
0.00000000 0.90588236 0.04313726 1.00000000
0.00000000 0.90196080 0.04705882 1.00000000
0.00000000 0.89411765 0.04705882 1.00000000
0.00000000 0.89019610 0.05098039 1.00000000
0.00000000 0.88627450 0.05098039 1.00000000
0.00000000 0.87843140 0.05490196 1.00000000
0.00000000 0.87450980 0.05490196 1.00000000
0.00000000 0.87058824 0.05882353 1.00000000
0.00000000 0.86666670 0.06274510 1.00000000
0.00000000 0.85882354 0.06274510 1.00000000
0.00000000 0.85490197 0.06666667 1.00000000
0.00000000 0.85098040 0.06666667 1.00000000
0.00000000 0.84313726 0.07058824 1.00000000
0.00000000 0.83921570 0.07058824 1.00000000
0.00000000 0.83529410 0.07450981 1.00000000
0.00000000 0.83137256 0.07843137 1.00000000
0.00000000 0.82352940 0.07843137 1.00000000
0.00000000 0.81960785 0.08235294 1.00000000
0.00000000 0.81568630 0.08235294 1.00000000
0.00000000 0.81176470 0.08627451 1.00000000
0.00000000 0.80392160 0.08627451 1.00000000
0.00000000 0.80000000 0.09019608 1.00000000
0.00000000 0.79607844 0.09411765 1.00000000
0.00000000 0.78823530 0.09411765 1.00000000
0.00000000 0.78431374 0.09803922 1.00000000
0.00000000 0.78039217 0.09803922 1.00000000
0.00000000 0.77647060 0.10196079 1.00000000
0.00000000 0.76862746 0.10196079 1.00000000
0.00000000 0.76470590 0.10588235 1.00000000
0.00000000 0.76078430 0.10980392 1.00000000
0.00000000 0.75686276 0.10980392 1.00000000
0.00000000 0.74509805 0.11372549 1.00000000
0.00000000 0.74117650 0.11764706 1.00000000
0.00000000 0.73333335 0.11764706 1.00000000
0.00000000 0.72941180 0.12156863 1.00000000
0.00000000 0.72549020 0.12549020 1.00000000
0.00000000 0.72156864 0.12549020 1.00000000
0.00000000 0.71372550 0.12941177 1.00000000
0.00000000 0.70980394 0.12941177 1.00000000
0.00000000 0.70588240 0.13333334 1.00000000
0.00000000 0.70196080 0.13725491 1.00000000
0.00000000 0.69411767 0.13725491 1.00000000
0.00000000 0.69019610 0.14117648 1.00000000
0.00000000 0.68627450 0.14117648 1.00000000
0.00000000 0.67843140 0.14509805 1.00000000
0.00000000 0.67450980 0.14509805 1.00000000
0.00000000 0.67058825 0.14901961 1.00000000
0.00000000 0.66666670 0.15294118 1.00000000
0.00000000 0.65882355 0.15294118 1.00000000
0.00000000 0.65490200 0.15686275 1.00000000
0.00000000 0.65098040 0.15686275 1.00000000
0.00000000 0.64313730 0.16078432 1.00000000
0.00000000 0.63921570 0.16078432 1.00000000
0.00000000 0.63529414 0.16470589 1.00000000
0.00000000 0.63137260 0.16862746 1.00000000
0.00000000 0.62352943 0.16862746 1.00000000
0.00000000 0.61960787 0.17254902 1.00000000
0.00000000 0.61568630 0.17254902 1.00000000
0.00000000 0.61176470 0.17647060 1.00000000
0.00000000 0.60392160 0.17647060 1.00000000
0.00000000 0.60000000 0.18039216 1.00000000
0.00000000 0.59607846 0.18431373 1.00000000
0.00000000 0.58823530 0.18431373 1.00000000
0.00000000 0.58431375 0.18823530 1.00000000
0.00000000 0.58039220 0.18823530 1.00000000
0.00000000 0.57647060 0.19215687 1.00000000
0.00000000 0.56862750 0.19215687 1.00000000
0.00000000 0.56470590 0.19607843 1.00000000
0.00000000 0.56078434 0.20000000 1.00000000
0.00000000 0.55686280 0.20000000 1.00000000
0.00000000 0.54901963 0.20392157 1.00000000
0.00000000 0.54509807 0.20392157 1.00000000
0.00000000 0.54117650 0.20784314 1.00000000
0.00000000 0.53333336 0.20784314 1.00000000
0.00000000 0.52941180 0.21176471 1.00000000
0.00000000 0.52549020 0.21568628 1.00000000
0.00000000 0.52156866 0.21568628 1.00000000
0.00000000 0.51372550 0.21960784 1.00000000
0.00000000 0.50980395 0.21960784 1.00000000
0.00000000 0.50588240 0.22352941 1.00000000
0.00000000 0.50196080 0.22745098 1.00000000
0.00000000 0.49411765 0.22745098 1.00000000
0.00000000 0.49019608 0.23137255 1.00000000
0.00000000 0.48627450 0.23137255 1.00000000
0.00000000 0.47843137 0.23529412 1.00000000
0.00000000 0.47450980 0.23529412 1.00000000
0.00000000 0.47058824 0.23921569 1.00000000
0.00000000 0.46666667 0.24313726 1.00000000
0.00000000 0.45882353 0.24313726 1.00000000
0.00000000 0.45490196 0.24705882 1.00000000
0.00000000 0.45098040 0.24705882 1.00000000
0.00000000 0.44313726 0.25098040 1.00000000
0.00000000 0.43921570 0.25098040 1.00000000
0.00000000 0.43529412 0.25490198 1.00000000
0.00000000 0.43137255 0.25882354 1.00000000
0.00000000 0.42352942 0.25882354 1.00000000
0.00000000 0.41960785 0.26274510 1.00000000
0.00000000 0.41568628 0.26274510 1.00000000
0.00000000 0.41176470 0.26666668 1.00000000
0.00000000 0.40392157 0.26666668 1.00000000
0.00000000 0.40000000 0.27058825 1.00000000
0.00000000 0.39607844 0.27450982 1.00000000
0.00000000 0.38823530 0.27450982 1.00000000
0.00000000 0.38431373 0.27843140 1.00000000
0.00000000 0.38039216 0.27843140 1.00000000
0.00000000 0.37647060 0.28235295 1.00000000
0.00000000 0.36862746 0.28235295 1.00000000
0.00000000 0.36470590 0.28627452 1.00000000
0.00000000 0.36078432 0.29019610 1.00000000
0.00000000 0.35686275 0.29019610 1.00000000
0.00000000 0.34901962 0.29411766 1.00000000
0.00000000 0.34509805 0.29411766 1.00000000
0.00000000 0.34117648 0.29803923 1.00000000
0.00000000 0.33333334 0.29803923 1.00000000
0.00000000 0.32941177 0.30196080 1.00000000
0.00000000 0.32549020 0.30588236 1.00000000
0.00000000 0.32156864 0.30588236 1.00000000
0.00000000 0.31372550 0.30980393 1.00000000
0.00000000 0.30980393 0.30980393 1.00000000
0.00000000 0.30588236 0.31372550 1.00000000
0.00000000 0.30196080 0.31764707 1.00000000
0.00000000 0.29411766 0.31764707 1.00000000
0.00000000 0.29019610 0.32156864 1.00000000
0.00000000 0.28627452 0.32156864 1.00000000
0.00000000 0.27843140 0.32549020 1.00000000
0.00000000 0.27450982 0.32549020 1.00000000
0.00000000 0.27058825 0.32941177 1.00000000
0.00000000 0.26666668 0.33333334 1.00000000
0.00000000 0.25882354 0.33333334 1.00000000
0.00000000 0.25490198 0.33725490 1.00000000
0.00000000 0.25098040 0.33725490 1.00000000
0.00000000 0.24313726 0.34117648 1.00000000
0.00000000 0.23921569 0.34117648 1.00000000
0.00000000 0.23529412 0.34509805 1.00000000
0.00000000 0.23137255 0.34901962 1.00000000
0.00000000 0.22352941 0.34901962 1.00000000
0.00000000 0.21960784 0.35294120 1.00000000
0.00000000 0.21568628 0.35294120 1.00000000
0.00000000 0.21176471 0.35686275 1.00000000
0.00000000 0.20392157 0.35686275 1.00000000
0.00000000 0.20000000 0.36078432 1.00000000
0.00000000 0.19607843 0.36470590 1.00000000
0.00000000 0.18823530 0.36470590 1.00000000
0.00000000 0.18431373 0.36862746 1.00000000
0.00000000 0.18039216 0.36862746 1.00000000
0.00000000 0.17647060 0.37254903 1.00000000
0.00000000 0.16862746 0.37254903 1.00000000
0.00000000 0.16470589 0.37647060 1.00000000
0.00000000 0.16078432 0.38039216 1.00000000
0.00000000 0.15686275 0.38039216 1.00000000
0.00000000 0.14901961 0.38431373 1.00000000
0.00000000 0.14509805 0.38431373 1.00000000
0.00000000 0.14117648 0.38823530 1.00000000
0.00000000 0.13333334 0.38823530 1.00000000
0.00000000 0.12941177 0.39215687 1.00000000
0.00000000 0.12549020 0.39607844 1.00000000
0.00000000 0.12156863 0.39607844 1.00000000
0.00000000 0.11372549 0.40000000 1.00000000
0.00000000 0.10980392 0.40000000 1.00000000
0.00000000 0.10588235 0.40392157 1.00000000
0.00000000 0.10196079 0.40784314 1.00000000
0.00000000 0.09411765 0.40784314 1.00000000
0.00000000 0.09019608 0.41176470 1.00000000
0.00000000 0.08627451 0.41176470 1.00000000
0.00000000 0.07843137 0.41568628 1.00000000
0.00000000 0.07450981 0.41568628 1.00000000
0.00000000 0.07058824 0.41960785 1.00000000
0.00000000 0.06666667 0.42352942 1.00000000
0.00000000 0.05882353 0.42352942 1.00000000
0.00000000 0.05490196 0.42745098 1.00000000
0.00000000 0.05098039 0.42745098 1.00000000
0.00000000 0.04313726 0.43137255 1.00000000
0.00000000 0.03921569 0.43137255 1.00000000
0.00000000 0.03529412 0.43529412 1.00000000
0.00000000 0.03137255 0.43921570 1.00000000
0.00000000 0.02352941 0.43921570 1.00000000
0.00000000 0.01960784 0.44313726 1.00000000
0.00000000 0.01568627 0.44313726 1.00000000
0.00000000 0.01176471 0.44705883 1.00000000
0.00000000 0.00392157 0.44705883 1.00000000
0.00000000 0.00000000 0.45098040 1.00000000
0.00000000 0.00784314 0.45490196 1.00000000
0.00000000 0.01568627 0.45882353 1.00000000
0.00000000 0.02352941 0.46274510 1.00000000
0.00000000 0.02745098 0.46666667 1.00000000
0.00000000 0.03529412 0.47058824 1.00000000
0.00000000 0.04313726 0.47450980 1.00000000
0.00000000 0.05098039 0.47843137 1.00000000
0.00000000 0.05882353 0.48235294 1.00000000
0.00000000 0.06666667 0.48627450 1.00000000
0.00000000 0.07450981 0.49019608 1.00000000
0.00000000 0.07843137 0.49411765 1.00000000
0.00000000 0.08627451 0.49803922 1.00000000
0.00000000 0.09411765 0.50196080 1.00000000
0.00000000 0.10196079 0.50588240 1.00000000
0.00000000 0.10980392 0.50980395 1.00000000
0.00000000 0.11764706 0.51372550 1.00000000
0.00000000 0.12549020 0.51764710 1.00000000
0.00000000 0.13333334 0.52156866 1.00000000
0.00000000 0.13725491 0.52549020 1.00000000
0.00000000 0.14509805 0.52941180 1.00000000
0.00000000 0.15294118 0.53333336 1.00000000
0.00000000 0.16078432 0.53725490 1.00000000
0.00000000 0.16862746 0.54509807 1.00000000
0.00000000 0.17647060 0.54901963 1.00000000
0.00000000 0.18431373 0.55294120 1.00000000
0.00000000 0.18823530 0.55686280 1.00000000
0.00000000 0.19607843 0.56078434 1.00000000
0.00000000 0.20392157 0.56470590 1.00000000
0.00000000 0.21176471 0.56862750 1.00000000
0.00000000 0.21960784 0.57254905 1.00000000
0.00000000 0.22745098 0.57647060 1.00000000
0.00000000 0.23529412 0.58039220 1.00000000
0.00000000 0.23921569 0.58431375 1.00000000
0.00000000 0.24705882 0.58823530 1.00000000
0.00000000 0.25490198 0.59215690 1.00000000
0.00000000 0.26274510 0.59607846 1.00000000
0.00000000 0.27058825 0.60000000 1.00000000
0.00000000 0.27843140 0.60392160 1.00000000
0.00000000 0.28627452 0.60784316 1.00000000
0.00000000 0.29019610 0.61176470 1.00000000
0.00000000 0.29803923 0.61568630 1.00000000
0.00000000 0.30588236 0.61960787 1.00000000
0.00000000 0.31372550 0.62352943 1.00000000
0.00000000 0.32156864 0.62745100 1.00000000
0.00000000 0.32941177 0.63137260 1.00000000
0.00000000 0.33725490 0.63529414 1.00000000
0.00000000 0.34117648 0.63921570 1.00000000
0.00000000 0.34901962 0.64313730 1.00000000
0.00000000 0.35686275 0.64705884 1.00000000
0.00000000 0.36470590 0.65098040 1.00000000
0.00000000 0.37254903 0.65490200 1.00000000
0.00000000 0.38039216 0.65882355 1.00000000
0.00000000 0.38823530 0.66274510 1.00000000
0.00000000 0.39607844 0.66666670 1.00000000
0.00000000 0.40000000 0.67058825 1.00000000
0.00000000 0.40784314 0.67450980 1.00000000
0.00000000 0.41568628 0.67843140 1.00000000
0.00000000 0.42352942 0.68235296 1.00000000
0.00000000 0.43137255 0.68627450 1.00000000
0.00000000 0.43921570 0.69019610 1.00000000
0.00000000 0.44705883 0.69411767 1.00000000
0.00000000 0.45098040 0.69803923 1.00000000
0.00000000 0.45882353 0.70196080 1.00000000
0.00000000 0.46666667 0.70588240 1.00000000
0.00000000 0.47450980 0.70980394 1.00000000
0.00000000 0.48235294 0.71372550 1.00000000
0.00000000 0.49019608 0.71764710 1.00000000
0.00000000 0.49803922 0.72156864 1.00000000
0.00000000 0.50196080 0.72941180 1.00000000
0.00000000 0.50980395 0.73333335 1.00000000
0.00000000 0.51764710 0.73725490 1.00000000
0.00000000 0.52549020 0.74117650 1.00000000
0.00000000 0.53333336 0.74509805 1.00000000
0.00000000 0.54117650 0.74901960 1.00000000
0.00000000 0.54901963 0.75294120 1.00000000
0.00000000 0.55294120 0.75686276 1.00000000
0.00000000 0.56078434 0.76078430 1.00000000
0.00000000 0.56862750 0.76470590 1.00000000
0.00000000 0.57647060 0.76862746 1.00000000
0.00000000 0.58431375 0.77254903 1.00000000
0.00000000 0.59215690 0.77647060 1.00000000
0.00000000 0.60000000 0.78039217 1.00000000
0.00000000 0.60392160 0.78431374 1.00000000
0.00000000 0.61176470 0.78823530 1.00000000
0.00000000 0.61960787 0.79215690 1.00000000
0.00000000 0.62745100 0.79607844 1.00000000
0.00000000 0.63529414 0.80000000 1.00000000
0.00000000 0.64313730 0.80392160 1.00000000
0.00000000 0.65098040 0.80784315 1.00000000
0.00000000 0.65882355 0.81176470 1.00000000
0.00000000 0.66274510 0.81568630 1.00000000
0.00000000 0.67058825 0.81960785 1.00000000
0.00000000 0.67843140 0.82352940 1.00000000
0.00000000 0.68627450 0.82745100 1.00000000
0.00000000 0.69411767 0.83137256 1.00000000
0.00000000 0.70196080 0.83529410 1.00000000
0.00000000 0.70980394 0.83921570 1.00000000
0.00000000 0.71372550 0.84313726 1.00000000
0.00000000 0.72156864 0.84705883 1.00000000
0.00000000 0.72941180 0.85098040 1.00000000
0.00000000 0.73725490 0.85490197 1.00000000
0.00000000 0.74509805 0.85882354 1.00000000
0.00000000 0.75294120 0.86274510 1.00000000
0.00000000 0.76078430 0.86666670 1.00000000
0.00000000 0.76470590 0.87058824 1.00000000
0.00000000 0.77254903 0.87450980 1.00000000
0.00000000 0.78039217 0.87843140 1.00000000
0.00000000 0.78823530 0.88235295 1.00000000
0.00000000 0.79607844 0.88627450 1.00000000
0.00000000 0.80392160 0.89019610 1.00000000
0.00000000 0.81176470 0.89411765 1.00000000
0.00000000 0.81568630 0.89803920 1.00000000
0.00000000 0.82352940 0.90196080 1.00000000
0.00000000 0.83137256 0.90588236 1.00000000
0.00000000 0.83921570 0.91372550 1.00000000
0.00000000 0.84705883 0.91764706 1.00000000
0.00000000 0.85490197 0.92156863 1.00000000
0.00000000 0.86274510 0.92549020 1.00000000
0.00000000 0.86666670 0.92941177 1.00000000
0.00000000 0.87450980 0.93333334 1.00000000
0.00000000 0.88235295 0.93725490 1.00000000
0.00000000 0.89019610 0.94117650 1.00000000
0.00000000 0.89803920 0.94509804 1.00000000
0.00000000 0.90588236 0.94901960 1.00000000
0.00000000 0.91372550 0.95294120 1.00000000
0.00000000 0.92156863 0.95686275 1.00000000
0.00000000 0.92549020 0.96078430 1.00000000
0.00000000 0.93333334 0.96470590 1.00000000
0.00000000 0.94117650 0.96862745 1.00000000
0.00000000 0.94901960 0.97254900 1.00000000
0.00000000 0.95686275 0.97647060 1.00000000
0.00000000 0.96470590 0.98039216 1.00000000
0.00000000 0.97254900 0.98431370 1.00000000
0.00000000 0.97647060 0.98823530 1.00000000
0.00000000 0.98431370 0.99215686 1.00000000
0.00000000 0.99215686 0.99607843 1.00000000
0.00000000 1.00000000 1.00000000 1.00000000
